GeForce RTX 4090	100	100	100	450	1,599	2022
Radeon RX 6950 XT	103.1	82.4	61.4	335	1,299	2022
GeForce RTX 3090 Ti	97.7	81.3	66.1	450	1,199	2022
Radeon RX 6900 XT	100.1	75.4	55.1	300	700	2020
GeForce RTX 3090	96.6	76.1	60.1	350	1,499	2020
GeForce RTX 3080 12GB	96.7	74.3	57.9	400	799	2022
Radeon RX 6800 XT	97.1	71.3	51.1	300	649	2020
GeForce RTX 3080 Ti	94.9	73.8	58	350	1,199	2021
GeForce RTX 3080	94.1	68.2	53	320	699	2022
Radeon RX 6800	93.7	62.5	44.2	250	579	2020
GeForce RTX 3070 Ti	88.1	59	40.9	290	599	2020
Radeon RX 6750 XT	91.1	53.8	36.6	250	549	2022
GeForce RTX 3070	85.5	55.3	37.7	220	499	2020
Radeon RX 6700 XT	86.7	50.5	34.4	230	479 	2021
GeForce RTX 3060 Ti	81.2	49.8	0	200	399	2020
GeForce RTX 2080 Super	74.8	46.4	30.2	250	699	2019
Intel Arc A770 16GB	67.3	44.5	32.1	225	329	2020
Radeon RX 6650 XT	75.1	40.5	0	180	399	2022
Radeon RX 6600 XT	74	39.2	0	160	379	2021
GeForce RTX 2070 Super	67.3	41	0	215	499	2019
Radeon RX 5700 XT	68.3	38.1	25.5	225	399	2019
Intel Arc A750	63.1	39.5	27.7	225	289	2022
GeForce RTX 3060	64.4	37.6	0	170	329	2021
Radeon VII	61.9	37.8	27.5	300	699	2019
Radeon RX 6600	63.9	32.9	0	132	330	2021
Radeon RX 5700	60.4	33.7	0	180	349	2019
Radeon RX 5600 XT	54.5	30	0	160	279	2020
GeForce RTX 3050	48.5	26.9	0	130	249	2022
GeForce GTX 1660 Super	44.9	23.1	0	125	229	2019
GeForce GTX 1660 Ti	44.7	23	0	120	279	2019
GeForce GTX 1660	40.7	20.4	0	120	219	2019
Radeon RX 5500 XT 8GB	39.4	20.3	0	130	199	2019
GeForce GTX 1650 Super	36.9	16.4	0	100	160	2019
Radeon RX 5500 XT 4GB	36.3	0	0	130	169	2019
Radeon RX 6500 XT	35.7	12.8	0	107	230	2022
GeForce GTX 1650 GDDR6	30.7	0	0	75	"	149"	2020
Intel Arc A380	29.7	13.9	0	75	139.99	2022
GeForce GTX 1650	27.7	0	0	75	149	2019
GeForce GTX 970	26.7	0	0	145	329	2014
Radeon RX 6400	28.2	0	0	53	159	2022
GeForce GTX 1630	18.4	0	0	75	199	2022
